3879335.706626454, 3879335.747082372, 40.4559182934463
3879337.706671729, 3879337.715861262, 9.189532604068518
3879339.706659698, 3879339.716386694, 9.726996067911386
3879341.706624497, 3879341.715268624, 8.644126821309328
3879343.706214484, 3879343.713556038, 7.3415543884038925
3879345.706618661, 3879345.713380221, 6.761559750884771
3879347.706298363, 3879347.714722854, 8.42449115589261
3879349.70665186, 3879349.71569179, 9.039930067956448
3879351.706648044, 3879351.72571725, 19.069205969572067
3879353.70669733, 3879353.71506898, 8.371650241315365
3879355.706252854, 3879355.713216667, 6.963813211768866
3879357.706660848, 3879357.713718718, 7.057869806885719
3879359.706648211, 3879359.714948444, 8.300233166664839
Sent msgs: 14
Received msgs: 13
Elapsed_time(s): 26.506553888320923
