3969228.785712655, 3969228.853916031, 68.20337567478418
3969230.785553573, 3969230.819924739, 34.37116602435708
3969232.785715364, 3969232.881689464, 95.97410028800368
3969234.785395841, 3969234.84074279, 55.34694902598858
3969236.785836537, 3969236.794290303, 8.453765884041786
3969238.785696943, 3969238.849424164, 63.727220986038446
3969240.785710726, 3969240.798326971, 12.616245076060295
3969242.785718497, 3969242.841413839, 55.695341899991035
3969244.785356216, 3969244.888514382, 103.15816570073366
3969246.785743274, 3969246.833437344, 47.694070264697075
3969248.78547063, 3969248.880207154, 94.73652392625809
3969250.785716498, 3969250.825587785, 39.87128706648946
3969252.78562085, 3969252.872103185, 86.48233488202095
Sent msgs: 14
Received msgs: 13
Elapsed_time(s): 26.706436157226562
