3970457.365860709, 3970457.399002846, 33.14213687554002
3970459.365838545, 3970459.378099462, 12.260917108505964
3970461.366198459, 3970461.374580905, 8.38244566693902
3970463.366233509, 3970463.374822424, 8.588914759457111
3970465.366254825, 3970465.375760875, 9.506050031632185
3970467.366197551, 3970467.373686985, 7.489433977752924
3970469.366243167, 3970469.375962801, 9.719633962959051
3970471.366214969, 3970471.374901745, 8.68677580729127
3970473.36628749, 3970473.376173253, 9.88576328381896
3970475.366199254, 3970475.375132921, 8.933667093515396
3970477.365844205, 3970477.372574827, 6.73062214627862
3970479.366201298, 3970479.384582764, 18.381466157734394
3970481.36582709, 3970481.374338609, 8.511519059538841
Sent msgs: 14
Received msgs: 13
Elapsed_time(s): 26.60557198524475
